Number of changes, number of job, number of machines 
2			20			5
Change time:0
 Processing times: 
54	83	15	71	77	36	53	38	27	87	76	91	14	29	12	77	32	87	68	94	
79	3	11	99	56	70	99	60	5	56	3	61	73	75	47	14	21	86	5	77	
16	89	49	15	89	45	60	23	57	64	7	1	63	41	63	47	26	75	77	40	
66	58	31	68	78	91	13	59	49	85	85	9	39	41	56	40	54	77	51	31	
58	56	20	85	53	35	53	41	69	13	86	72	8	49	47	87	58	18	68	28	
Change time:0.3333
 Processing times: 
71	83	15	54	77	36	53	38	27	87	76	68	14	94	12	91	29	87	77	32	
99	3	11	79	56	70	99	60	5	56	3	5	73	77	47	61	75	86	14	21	
15	89	49	16	89	45	60	23	57	64	7	77	63	40	63	1	41	75	47	26	
68	58	31	66	78	91	13	59	49	85	85	51	39	31	56	9	41	77	40	54	
85	56	20	58	53	35	53	41	69	13	86	68	8	28	47	72	49	18	87	58	
Change time:0.6667
 Processing times: 
54	83	15	38	77	71	91	36	27	87	29	53	14	32	12	77	76	87	68	94	
79	3	11	60	56	99	61	70	5	56	75	99	73	21	47	14	3	86	5	77	
16	89	49	23	89	15	1	45	57	64	41	60	63	26	63	47	7	75	77	40	
66	58	31	59	78	68	9	91	49	85	41	13	39	54	56	40	85	77	51	31	
58	56	20	41	53	85	72	35	69	13	49	53	8	58	47	87	86	18	68	28	
