Number of changes, number of job, number of machines 
19			20			5
Change time:0
 Processing times: 
54	83	15	71	77	36	53	38	27	87	76	91	14	29	12	77	32	87	68	94	
79	3	11	99	56	70	99	60	5	56	3	61	73	75	47	14	21	86	5	77	
16	89	49	15	89	45	60	23	57	64	7	1	63	41	63	47	26	75	77	40	
66	58	31	68	78	91	13	59	49	85	85	9	39	41	56	40	54	77	51	31	
58	56	20	85	53	35	53	41	69	13	86	72	8	49	47	87	58	18	68	28	
Change time:0.031
 Processing times: 
77	83	15	71	54	36	53	38	27	87	76	91	14	77	12	29	68	32	94	87	
56	3	11	99	79	70	99	60	5	56	3	61	73	14	47	75	5	21	77	86	
89	89	49	15	16	45	60	23	57	64	7	1	63	47	63	41	77	26	40	75	
78	58	31	68	66	91	13	59	49	85	85	9	39	40	56	41	51	54	31	77	
53	56	20	85	58	35	53	41	69	13	86	72	8	87	47	49	68	58	28	18	
Change time:0.0651
 Processing times: 
54	83	15	71	38	36	53	77	27	94	76	91	12	77	14	29	32	87	87	68	
79	3	11	99	60	70	99	56	5	77	3	61	47	14	73	75	21	86	56	5	
16	89	49	15	23	45	60	89	57	40	7	1	63	47	63	41	26	75	64	77	
66	58	31	68	59	91	13	78	49	31	85	9	56	40	39	41	54	77	85	51	
58	56	20	85	41	35	53	53	69	28	86	72	47	87	8	49	58	18	13	68	
Change time:0.1047
 Processing times: 
54	83	15	71	77	36	14	38	77	29	91	76	12	87	53	27	32	87	68	94	
79	3	11	99	56	70	73	60	14	75	61	3	47	56	99	5	21	86	5	77	
16	89	49	15	89	45	63	23	47	41	1	7	63	64	60	57	26	75	77	40	
66	58	31	68	78	91	39	59	40	41	9	85	56	85	13	49	54	77	51	31	
58	56	20	85	53	35	8	41	87	49	72	86	47	13	53	69	58	18	68	28	
Change time:0.2591
 Processing times: 
54	83	29	71	77	36	53	12	27	87	76	91	14	15	38	94	87	68	32	77	
79	3	75	99	56	70	99	47	5	56	3	61	73	11	60	77	86	5	21	14	
16	89	41	15	89	45	60	63	57	64	7	1	63	49	23	40	75	77	26	47	
66	58	41	68	78	91	13	56	49	85	85	9	39	31	59	31	77	51	54	40	
58	56	49	85	53	35	53	47	69	13	86	72	8	20	41	28	18	68	58	87	
Change time:0.2832
 Processing times: 
54	83	15	71	27	36	77	38	12	87	91	76	14	29	77	53	87	32	68	94	
79	3	11	99	5	70	14	60	47	56	61	3	73	75	56	99	86	21	5	77	
16	89	49	15	57	45	47	23	63	64	1	7	63	41	89	60	75	26	77	40	
66	58	31	68	49	91	40	59	56	85	9	85	39	41	78	13	77	54	51	31	
58	56	20	85	69	35	87	41	47	13	72	86	8	49	53	53	18	58	68	28	
Change time:0.3708
 Processing times: 
54	15	83	71	77	36	68	38	27	87	76	12	14	29	91	87	77	32	53	94	
79	11	3	99	56	70	5	60	5	56	3	47	73	75	61	86	14	21	99	77	
16	49	89	15	89	45	77	23	57	64	7	63	63	41	1	75	47	26	60	40	
66	31	58	68	78	91	51	59	49	85	85	56	39	41	9	77	40	54	13	31	
58	20	56	85	53	35	68	41	69	13	86	47	8	49	72	18	87	58	53	28	
Change time:0.3722
 Processing times: 
32	53	15	71	54	38	83	36	27	87	76	91	14	29	12	87	77	77	68	94	
21	99	11	99	79	60	3	70	5	56	3	61	73	75	47	86	56	14	5	77	
26	60	49	15	16	23	89	45	57	64	7	1	63	41	63	75	89	47	77	40	
54	13	31	68	66	59	58	91	49	85	85	9	39	41	56	77	78	40	51	31	
58	53	20	85	58	41	56	35	69	13	86	72	8	49	47	18	53	87	68	28	
Change time:0.4023
 Processing times: 
54	83	15	71	53	36	77	87	27	38	76	14	91	77	12	29	32	87	94	68	
79	3	11	99	99	70	56	56	5	60	3	73	61	14	47	75	21	86	77	5	
16	89	49	15	60	45	89	64	57	23	7	63	1	47	63	41	26	75	40	77	
66	58	31	68	13	91	78	85	49	59	85	39	9	40	56	41	54	77	31	51	
58	56	20	85	53	35	53	13	69	41	86	8	72	87	47	49	58	18	28	68	
Change time:0.4943
 Processing times: 
53	83	15	71	29	36	54	77	27	87	38	91	14	76	12	87	32	77	68	94	
99	3	11	99	75	70	79	56	5	56	60	61	73	3	47	86	21	14	5	77	
60	89	49	15	41	45	16	89	57	64	23	1	63	7	63	75	26	47	77	40	
13	58	31	68	41	91	66	78	49	85	59	9	39	85	56	77	54	40	51	31	
53	56	20	85	49	35	58	53	69	13	41	72	8	86	47	18	58	87	68	28	
Change time:0.5407
 Processing times: 
12	83	15	71	77	91	29	38	27	87	76	36	14	53	54	77	94	68	87	32	
47	3	11	99	56	61	75	60	5	56	3	70	73	99	79	14	77	5	86	21	
63	89	49	15	89	1	41	23	57	64	7	45	63	60	16	47	40	77	75	26	
56	58	31	68	78	9	41	59	49	85	85	91	39	13	66	40	31	51	77	54	
47	56	20	85	53	72	49	41	69	13	86	35	8	53	58	87	28	68	18	58	
Change time:0.6507
 Processing times: 
54	12	71	15	77	36	53	38	27	87	76	68	14	29	83	91	32	87	94	77	
79	47	99	11	56	70	99	60	5	56	3	5	73	75	3	61	21	86	77	14	
16	63	15	49	89	45	60	23	57	64	7	77	63	41	89	1	26	75	40	47	
66	56	68	31	78	91	13	59	49	85	85	51	39	41	58	9	54	77	31	40	
58	47	85	20	53	35	53	41	69	13	86	68	8	49	56	72	58	18	28	87	
Change time:0.6976
 Processing times: 
54	83	15	71	77	36	53	91	87	87	29	68	14	76	94	77	32	27	38	12	
79	3	11	99	56	70	99	61	86	56	75	5	73	3	77	14	21	5	60	47	
16	89	49	15	89	45	60	1	75	64	41	77	63	7	40	47	26	57	23	63	
66	58	31	68	78	91	13	9	77	85	41	51	39	85	31	40	54	49	59	56	
58	56	20	85	53	35	53	72	18	13	49	68	8	86	28	87	58	69	41	47	
Change time:0.7902
 Processing times: 
54	77	15	76	77	36	83	38	27	87	71	91	14	29	12	68	32	87	53	94	
79	14	11	3	56	70	3	60	5	86	99	61	73	75	47	5	21	56	99	77	
16	47	49	7	89	45	89	23	57	75	15	1	63	41	63	77	26	64	60	40	
66	40	31	85	78	91	58	59	49	77	68	9	39	41	56	51	54	85	13	31	
58	87	20	86	53	35	56	41	69	18	85	72	8	49	47	68	58	13	53	28	
Change time:0.8311
 Processing times: 
54	83	15	36	68	77	53	38	14	87	76	91	27	29	12	77	94	87	71	32	
79	3	11	70	5	56	99	60	73	56	3	61	5	75	47	14	77	86	99	21	
16	89	49	45	77	89	60	23	63	64	7	1	57	41	63	47	40	75	15	26	
66	58	31	91	51	78	13	59	39	85	85	9	49	41	56	40	31	77	68	54	
58	56	20	35	68	53	53	41	8	13	86	72	69	49	47	87	28	18	85	58	
Change time:0.8463
 Processing times: 
54	83	15	71	12	36	53	38	27	87	76	77	14	29	77	87	32	68	94	91	
79	3	11	99	47	70	99	60	5	56	3	14	73	75	56	86	21	5	77	61	
16	89	49	15	63	45	60	23	57	64	7	47	63	41	89	75	26	77	40	1	
66	58	31	68	56	91	13	59	49	85	85	40	39	41	78	77	54	51	31	9	
58	56	20	85	47	35	53	41	69	13	86	87	8	49	53	18	58	68	28	72	
Change time:0.8795
 Processing times: 
27	83	53	71	77	36	94	38	54	76	87	91	14	29	12	77	32	15	68	87	
5	3	99	99	56	70	77	60	79	3	56	61	73	75	47	14	21	11	5	86	
57	89	60	15	89	45	40	23	16	7	64	1	63	41	63	47	26	49	77	75	
49	58	13	68	78	91	31	59	66	85	85	9	39	41	56	40	54	31	51	77	
69	56	53	85	53	35	28	41	58	86	13	72	8	49	47	87	58	20	68	18	
Change time:0.9044
 Processing times: 
29	83	15	87	12	36	53	38	27	71	94	91	14	32	77	77	54	87	68	76	
75	3	11	56	47	70	99	60	5	99	77	61	73	21	56	14	79	86	5	3	
41	89	49	64	63	45	60	23	57	15	40	1	63	26	89	47	16	75	77	7	
41	58	31	85	56	91	13	59	49	68	31	9	39	54	78	40	66	77	51	85	
49	56	20	13	47	35	53	41	69	85	28	72	8	58	53	87	58	18	68	86	
Change time:0.9651
 Processing times: 
77	71	15	83	54	36	87	38	27	53	76	91	14	29	12	77	87	32	68	94	
56	99	11	3	79	70	86	60	5	99	3	61	73	75	47	14	56	21	5	77	
89	15	49	89	16	45	75	23	57	60	7	1	63	41	63	47	64	26	77	40	
78	68	31	58	66	91	77	59	49	13	85	9	39	41	56	40	85	54	51	31	
53	85	20	56	58	35	18	41	69	53	86	72	8	49	47	87	13	58	68	28	
Change time:0.968
 Processing times: 
54	77	76	71	83	12	53	38	94	87	15	91	14	29	36	77	32	68	87	27	
79	56	3	99	3	47	99	60	77	56	11	61	73	75	70	14	21	5	86	5	
16	89	7	15	89	63	60	23	40	64	49	1	63	41	45	47	26	77	75	57	
66	78	85	68	58	56	13	59	31	85	31	9	39	41	91	40	54	51	77	49	
58	53	86	85	56	47	53	41	28	13	20	72	8	49	35	87	58	68	18	69	
