Number of changes, number of job, number of machines 
4			20			5
Change time:0
 Processing times: 
54	83	15	71	77	36	53	38	27	87	76	91	14	29	12	77	32	87	68	94	
79	3	11	99	56	70	99	60	5	56	3	61	73	75	47	14	21	86	5	77	
16	89	49	15	89	45	60	23	57	64	7	1	63	41	63	47	26	75	77	40	
66	58	31	68	78	91	13	59	49	85	85	9	39	41	56	40	54	77	51	31	
58	56	20	85	53	35	53	41	69	13	86	72	8	49	47	87	58	18	68	28	
Change time:0.164
 Processing times: 
77	83	15	71	38	36	53	54	29	87	77	91	14	27	12	76	32	68	87	94	
56	3	11	99	60	70	99	79	75	56	14	61	73	5	47	3	21	5	86	77	
89	89	49	15	23	45	60	16	41	64	47	1	63	57	63	7	26	77	75	40	
78	58	31	68	59	91	13	66	41	85	40	9	39	49	56	85	54	51	77	31	
53	56	20	85	41	35	53	58	49	13	87	72	8	69	47	86	58	68	18	28	
Change time:0.3397
 Processing times: 
54	36	15	71	77	83	29	38	87	87	76	91	14	32	12	68	53	27	77	94	
79	70	11	99	56	3	75	60	86	56	3	61	73	21	47	5	99	5	14	77	
16	45	49	15	89	89	41	23	75	64	7	1	63	26	63	77	60	57	47	40	
66	91	31	68	78	58	41	59	77	85	85	9	39	54	56	51	13	49	40	31	
58	35	20	85	53	56	49	41	18	13	86	72	8	58	47	68	53	69	87	28	
Change time:0.5999
 Processing times: 
54	94	15	71	77	36	87	38	76	83	77	91	14	29	12	27	32	53	68	87	
79	77	11	99	56	70	86	60	3	3	14	61	73	75	47	5	21	99	5	56	
16	40	49	15	89	45	75	23	7	89	47	1	63	41	63	57	26	60	77	64	
66	31	31	68	78	91	77	59	85	58	40	9	39	41	56	49	54	13	51	85	
58	28	20	85	53	35	18	41	86	56	87	72	8	49	47	69	58	53	68	13	
Change time:0.6519
 Processing times: 
54	83	15	36	94	71	53	38	27	87	76	29	14	91	77	12	32	77	68	87	
79	3	11	70	77	99	99	60	5	56	3	75	73	61	14	47	21	56	5	86	
16	89	49	45	40	15	60	23	57	64	7	41	63	1	47	63	26	89	77	75	
66	58	31	91	31	68	13	59	49	85	85	41	39	9	40	56	54	78	51	77	
58	56	20	35	28	85	53	41	69	13	86	49	8	72	87	47	58	53	68	18	
