Number of changes, number of job, number of machines 
3			20			5
Change time:0
 Processing times: 
54	83	15	71	77	36	53	38	27	87	76	91	14	29	12	77	32	87	68	94	
79	3	11	99	56	70	99	60	5	56	3	61	73	75	47	14	21	86	5	77	
16	89	49	15	89	45	60	23	57	64	7	1	63	41	63	47	26	75	77	40	
66	58	31	68	78	91	13	59	49	85	85	9	39	41	56	40	54	77	51	31	
58	56	20	85	53	35	53	41	69	13	86	72	8	49	47	87	58	18	68	28	
Change time:0.25
 Processing times: 
54	83	15	71	77	36	53	87	27	38	76	91	14	29	32	94	68	87	77	12	
79	3	11	99	56	70	99	56	5	60	3	61	73	75	21	77	5	86	14	47	
16	89	49	15	89	45	60	64	57	23	7	1	63	41	26	40	77	75	47	63	
66	58	31	68	78	91	13	85	49	59	85	9	39	41	54	31	51	77	40	56	
58	56	20	85	53	35	53	13	69	41	86	72	8	49	58	28	68	18	87	47	
Change time:0.5
 Processing times: 
54	83	32	71	77	36	53	68	27	87	76	91	38	29	14	94	15	87	12	77	
79	3	21	99	56	70	99	5	5	56	3	61	60	75	73	77	11	86	47	14	
16	89	26	15	89	45	60	77	57	64	7	1	23	41	63	40	49	75	63	47	
66	58	54	68	78	91	13	51	49	85	85	9	59	41	39	31	31	77	56	40	
58	56	58	85	53	35	53	68	69	13	86	72	41	49	8	28	20	18	47	87	
Change time:0.75
 Processing times: 
54	68	87	71	77	76	53	38	27	15	36	91	12	83	14	77	32	87	29	94	
79	5	56	99	56	3	99	60	5	11	70	61	47	3	73	14	21	86	75	77	
16	77	64	15	89	7	60	23	57	49	45	1	63	89	63	47	26	75	41	40	
66	51	85	68	78	85	13	59	49	31	91	9	56	58	39	40	54	77	41	31	
58	68	13	85	53	86	53	41	69	20	35	72	47	56	8	87	58	18	49	28	
